new_id	original_id
0	115562
1	1016791
2	2062471
3	10026060
4	10047999
5	10052177
6	10167625
7	10184063
8	10188516
9	10328490
10	10419479
11	10433973
12	10460653
13	10460830
14	10469260
15	10469979
16	10470755
17	10553992
18	10562256
19	10572992
20	10575037
21	10575088
22	10579353
23	10580316
24	10582219
25	10599227
26	10599912
27	10609105
28	10612137
29	10638359
30	10657258
31	10658173
32	10663641
33	10667222
34	10667715
35	10669378
36	10669618
37	10670406
38	10670976
39	10671081
40	10671547
41	10671562
42	10674721
43	10674745
44	10675534
45	10675559
46	10675888
47	10675938
48	10676017
49	10676258
50	10677437
51	10678264
52	10678961
53	10679381
54	10680849
55	10680852
56	10680864
57	10680876
58	10680888
59	10680890
60	10680902
61	10680938
62	10680977
63	10681017
64	10681031
65	10681043
66	10681056
67	10681068
68	10681094
69	10681106
70	10681118
71	10681132
72	10681144
73	10681157
74	10681219
75	10681221
76	10681233
77	10681245
78	10681272
79	10681284
80	10681310
81	10681322
82	10681346
83	10681385
84	10681397
85	10681409
86	10681435
87	10681447
88	10681450
89	10681474
90	10681498
91	10681500
92	10681524
93	10681536
94	10681548
95	10681563
96	10681601
97	10681613
98	10681625
99	10681637
100	10681649
101	10681652
102	10681690
103	10681702
104	10681714
105	10681726
106	10681738
107	10681753
108	10681765
109	10681777
110	10681791
111	10681815
112	10681841
113	10681866
114	10681878
115	10681892
116	10681928
117	10681967
118	10681979
119	10681981
120	10681993
121	10682007
122	10682019
123	10682021
124	10682033
125	10682045
126	10682058
127	10682060
128	10682110
129	10682134
130	10682146
131	10682159
132	10682161
133	10682173
134	10682197
135	10682209
136	10682211
137	10682223
138	10682235
139	10682247
140	10682262
141	10682274
142	10682286
143	10682298
144	10682324
145	10682348
146	10682363
147	10682375
148	10682387
149	10682401
150	10682425
151	10682437
152	10682449
153	10682464
154	10682476
155	10682488
156	10682490
157	10682502
158	10682526
159	10682538
160	10682553
161	10682577
162	10682591
163	10682615
164	10682627
165	10682639
166	10682654
167	10682678
168	10682692
169	10682704
170	10682728
171	10682730
172	10682755
173	10682779
174	10682781
175	10684090
176	10684102
177	10684114
178	10684126
179	10684138
180	10684140
181	10684177
182	10684189
183	10684203
184	10684215
185	10684330
186	10684342
187	10684367
188	10684619
189	10684722
190	10685749
191	10686881
192	10688226
193	10688733
194	10688808
195	10689329
196	10689584
197	10690776
198	10692123
199	10692147
200	10692200
201	10692440
202	10692921
203	10693760
204	10694937
205	10695017
206	10695056
207	10695260
208	10695462
209	10695575
210	10695726
211	10695892
212	10695916
213	10695993
214	10696084
215	10696300
216	10696639
217	10696666
218	10696680
219	10696716
220	10697035
221	10697136
222	10697187
223	10697201
224	10697528
225	10697783
226	10698088
227	10698140
228	10698177
229	10698569
230	10698785
231	10698809
232	10698948
233	10698999
234	10699003
235	10699167
236	10699256
237	10699320
238	10699371
239	10699472
240	10699662
241	10699748
242	10699751
243	10699787
244	10700627
245	10700666
246	10700728
247	10700730
248	10700755
249	10701516
250	10701720
251	10701744
252	10702140
253	10702280
254	10702468
255	10702506
256	10702672
257	10702734
258	10702797
259	10702811
260	10702823
261	10703041
262	10703229
263	10703282
264	10703294
265	10704258
266	10704536
267	10704652
268	10704726
269	10705251
270	10705301
271	10705491
272	10705756
273	10705768
274	10706036
275	10706051
276	10706075
277	10706265
278	10706289
279	10706315
280	10706327
281	10706719
282	10706733
283	10706885
284	10707091
285	10707735
286	10707786
287	10707812
288	10707952
289	10708473
290	10708776
291	10708788
292	10708790
293	10709208
294	10709335
295	10709828
296	10710061
297	10710287
298	10710402
299	10710527
300	10710756
301	10711051
302	10711063
303	10711238
304	10711240
305	10711291
306	10711442
307	10711467
308	10711479
309	10711695
310	10711911
311	10711974
312	10711998
313	10712166
314	10712343
315	10712812
316	10712988
317	10713004
318	10713030
319	10713042
320	10713055
321	10713459
322	10713473
323	10713547
324	10713725
325	10713737
326	10714208
327	10714347
328	10714602
329	10714614
330	10714626
331	10714715
332	10714780
333	10714867
334	10714879
335	10715151
336	10715225
337	10715403
338	10715441
339	10715480
340	10715516
341	10715718
342	10715807
343	10715922
344	10715934
345	10716102
346	10716520
347	10716850
348	10716886
349	10717460
350	10717686
351	10717724
352	10717799
353	10717902
354	10717953
355	10717965
356	10717977
357	10718082
358	10718169
359	10718195
360	10718221
361	10718411
362	10718613
363	10718789
364	10718880
365	10718955
366	10718967
367	10719033
368	10719209
369	10719235
370	10719425
371	10719540
372	10719553
373	10719603
374	10719728
375	10719779
376	10719843
377	10719906
378	10719918
379	10719932
380	10719944
381	10719971
382	10720922
383	10721239
384	10721278
385	10721292
386	10721443
387	10721470
388	10721761
389	10721862
390	10721987
391	10722229
392	10722318
393	10722559
394	10722736
395	10723029
396	10723260
397	10723272
398	10723284
399	10723308
400	10723310
401	10723322
402	10723447
403	10723450
404	10723575
405	10723587
406	10723637
407	10723803
408	10723930
409	10723967
410	10724019
411	10724021
412	10724045
413	10724058
414	10724250
415	10724262
416	10724298
417	10724805
418	10725176
419	10725253
420	10725974
421	10726242
422	10726279
423	10726317
424	10726394
425	10726584
426	10726610
427	10726673
428	10726863
429	10727360
430	10727473
431	10727725
432	10727802
433	10727877
434	10727903
435	10728145
436	10728210
437	10728261
438	10728285
439	10728350
440	10728412
441	10728564
442	10728588
443	10728766
444	10728842
445	10728893
446	10729174
447	10729186
448	10729198
449	10729630
450	10730012
451	10730164
452	10730556
453	10730745
454	10731089
455	10731139
456	10731279
457	10731368
458	10731685
459	10731762
460	10732168
461	10732170
462	10732636
463	10732776
464	10732853
465	10732891
466	10732927
467	10732941
468	10733020
469	10733083
470	10733261
471	10733309
472	10733386
473	10733463
474	10733499
475	10734135
476	10734515
477	10734539
478	10734554
479	10734756
480	10734869
481	10734883
482	10734907
483	10734933
484	10734972
485	10734984
486	10735379
487	10735405
488	10735429
489	10735684
490	10736041
491	10736104
492	10736193
493	10736864
494	10736876
495	10736940
496	10736965
497	10737070
498	10737690
499	10737702
500	10737714
501	10737866
502	10738084
503	10738096
504	10738110
505	10738122
506	10738134
507	10738173
508	10738577
509	10738704
510	10738728
511	10738730
512	10738742
513	10738870
514	10738882
515	10738932
516	10738957
517	10739100
518	10739148
519	10739237
520	10739276
521	10739314
522	10739415
523	10739504
524	10739516
525	10739656
526	10739884
527	10739896
528	10739908
529	10740684
530	10740708
531	10742613
532	10743577
533	10743639
534	10743716
535	10743995
536	10744340
537	10744403
538	10744516
539	10744643
540	10744908
541	10745242
542	10745331
543	10745949
544	10745976
545	10746244
546	10746257
547	10746434
548	10746446
549	10746574
550	10746752
551	10746891
552	10746915
553	10746941
554	10747095
555	10747184
556	10747386
557	10747424
558	10747463
559	10747487
560	10747513
561	10747525
562	10747653
563	10747665
564	10747689
565	10747727
566	10747792
567	10747804
568	10747828
569	10747830
570	10747867
571	10747905
572	10747931
573	10748111
574	10748135
575	10748743
576	10749404
577	10749428
578	10749861
579	10750899
580	10751509
581	10751523
582	10752121
583	10752665
584	10752830
585	10753186
586	10753263
587	10753921
588	10754176
589	10755003
590	10755015
591	10755066
592	10756260
593	10756322
594	10756613
595	10756916
596	10757146
597	10757286
598	10757324
599	10757401
600	10757704
601	10757882
602	10757894
603	10757906
604	10757932
605	10758225
606	10758264
607	10758581
608	10759090
609	10759102
610	10759393
611	10759583
612	10759595
613	10760256
614	10761904
615	10764773
616	10769800
617	10770372
618	10770687
619	10770699
620	10771057
621	10773760
622	10774242
623	10774495
624	10774952
625	10776351
626	10776615
627	10776639
628	10776730
629	10777047
630	10777377
631	10777389
632	10777555
633	10777821
634	10778189
635	10778304
636	10778328
637	10778367
638	10778417
639	10778470
640	10778518
641	10778619
642	10778633
643	10778708
644	10778924
645	10778936
646	10778963
647	10778987
648	10778999
649	10779054
650	10779080
651	10779128
652	10779167
653	10779179
654	10779217
655	10779229
656	10779268
657	10779332
658	10779508
659	10779522
660	10779559
661	10779573
662	10779650
663	10779662
664	10779674
665	10779736
666	10779763
667	10779775
668	10779787
669	10780043
670	10780082
671	10781058
672	10781324
673	10781603
674	10781983
675	10782720
676	10783482
677	10783619
678	10784066
679	10784142
680	10784357
681	10784662
682	10784775
683	10785323
684	10785778
685	10786251
686	10786933
687	10786958
688	10788077
689	10788230
690	10788735
691	10788747
692	10788762
693	10788990
694	10790121
695	10790259
696	10790261
697	10790350
698	10790968
699	10791061
700	10791566
701	10792885
702	10793735
703	10793786
704	10793863
705	10794600
706	10796720
707	10799462
708	10799904
709	10800670
710	10809832
711	10812321
712	10812826
713	10814945
714	10815569
715	10820520
716	10820850
717	10820862
718	10821142
719	10821421
720	10821585
721	10823464
722	10824098
723	10824201
724	10824213
725	10824225
726	10824237
727	10824252
728	10824264
729	10824276
730	10824288
731	10824290
732	10824338
733	10824389
734	10824403
735	10824415
736	10824454
737	10824480
738	10824492
739	10824530
740	10824542
741	10824555
742	10824579
743	10824605
744	10824617
745	10824629
746	10824631
747	10824643
748	10824720
749	10824732
750	10824744
751	10824771
752	10824807
753	10824821
754	10824833
755	10824845
756	10824872
757	10824896
758	10824922
759	10824934
760	10824946
761	10824973
762	10824985
763	10825002
764	10825026
765	10825038
766	10825091
767	10825115
768	10825154
769	10825178
770	10825180
771	10825192
772	10825216
773	10825228
774	10825230
775	10825281
776	10825293
777	10825317
778	10825329
779	10825331
780	10825368
781	10825370
782	10825382
783	10825394
784	10825406
785	10825418
786	10825444
787	10825469
788	10825471
789	10825483
790	10825495
791	10825507
792	10825519
793	10825521
794	10825533
795	10825545
796	10825584
797	10825596
798	10825608
799	10825622
800	10825634
801	10825646
802	10825659
803	10825661
804	10825673
805	10825723
806	10825747
807	10825750
808	10825774
809	10825786
810	10825812
811	10825824
812	10825988
813	10826182
814	10826194
815	10826218
816	10826220
817	10826232
818	10826244
819	10826257
820	10826269
821	10826271
822	10826283
823	10826295
824	10826372
825	10826396
826	10826408
827	10826410
828	10826422
829	10826434
830	10826446
831	10826459
832	10826547
833	10826550
834	10826562
835	10826574
836	10826586
837	10826598
838	10826612
839	10826624
840	10826663
841	10826675
842	10826776
843	10828248
844	10828871
845	10828921
846	10829214
847	10829366
848	10829493
849	10829568
850	10830178
851	10832463
852	10832830
853	10832842
854	10832917
855	10832956
856	10833236
857	10833251
858	10833376
859	10833390
860	10833438
861	10834051
862	10834125
863	10834238
864	10834240
865	10834253
866	10834772
867	10834873
868	10834885
869	10834947
870	10835003
871	10835027
872	10835193
873	10836017
874	10836094
875	10836106
876	10836144
877	10836219
878	10836296
879	10836423
880	10836450
881	10836500
882	10836841
883	10837007
884	10837033
885	10837058
886	10837060
887	10837250
888	10837464
889	10837490
890	10837526
891	10837654
892	10837666
893	10837692
894	10837728
895	10837983
896	10838555
897	10838605
898	10838656
899	10838706
900	10838757
901	10839138
902	10839215
903	10839227
904	10839254
905	10839266
906	10839328
907	10839393
908	10839518
909	10839520
910	10839569
911	10839645
912	10839672
913	10839696
914	10839898
915	10839900
916	10839948
917	10840027
918	10840181
919	10840357
920	10840888
921	10841056
922	10841118
923	10841260
924	10841373
925	10841409
926	10841423
927	10841753
928	10841789
929	10841827
930	10841839
931	10841878
932	10842159
933	10842173
934	10842223
935	10842666
936	10842678
937	10842680
938	10842704
939	10842716
940	10842829
941	10842868
942	10842906
943	10842983
944	10843050
945	10843086
946	10843100
947	10843555
948	10843579
949	10843629
950	10843643
951	10843771
952	10843946
953	10844239
954	10844557
955	10844722
956	10844886
957	10845079
958	10845081
959	10845194
960	10845206
961	10845776
962	10845790
963	10845840
964	10846006
965	10846018
966	10846347
967	10846350
968	10846499
969	10846537
970	10846638
971	10846665
972	10846778
973	10846816
974	10846842
975	10846905
976	10846943
977	10846994
978	10847388
979	10847390
980	10847539
981	10847857
982	10848380
983	10848760
984	10848909
985	10849356
986	10849406
987	10849774
988	10849863
989	10849913
990	10850384
991	10850461
992	10850701
993	10850749
994	10850927
995	10851172
996	10851246
997	10851297
998	10851323
999	10851499
1000	10851513
1001	10851525
1002	10851576
1003	10851691
1004	10851867
1005	10852008
1006	10852061
1007	10852198
1008	10852729
1009	10852731
1010	10852818
1011	10852871
1012	10853291
1013	10853531
1014	10853543
1015	10853657
1016	10853935
1017	10853947
1018	10853962
1019	10853998
1020	10854002
1021	10854014
1022	10854558
1023	10854608
1024	10854622
1025	10854750
1026	10854786
1027	10854848
1028	10855171
1029	10855258
1030	10855361
1031	10855423
1032	10855803
1033	10856209
1034	10856577
1035	10856615
1036	10857252
1037	10857326
1038	10857427
1039	10857439
1040	10857441
1041	10857454
1042	10857492
1043	10857720
1044	10857896
1045	10857908
1046	10857910
1047	10857922
1048	10858102
1049	10858138
1050	10858140
1051	10858191
1052	10858241
1053	10858304
1054	10858316
1055	10858417
1056	10858429
1057	10858468
1058	10858621
1059	10858645
1060	10858660
1061	10858696
1062	10858708
1063	10858722
1064	10858847
1065	10858862
1066	10858900
1067	10858912
1068	10859039
1069	10859041
1070	10859142
1071	10859193
1072	10859231
1073	10859270
1074	10859318
1075	10859332
1076	10859383
1077	10859395
1078	10859458
1079	10859484
1080	10859496
1081	10859534
1082	10859623
1083	10859650
1084	10859662
1085	10859712
1086	10859724
1087	10859736
1088	10859799
1089	10859813
1090	10859849
1091	10860233
1092	10860500
1093	10860803
1094	10860928
1095	10861007
1096	10861387
1097	10861728
1098	10861755
1099	10861870
1100	10862047
1101	10862062
1102	10862086
1103	10862225
1104	10862365
1105	10862439
1106	10862492
1107	10862579
1108	10862668
1109	10862694
1110	10862769
1111	10862783
1112	10863001
1113	10863140
1114	10863482
1115	10863494
1116	10863619
1117	10863746
1118	10864054
1119	10864128
1120	10864181
1121	10864763
1122	10864914
1123	10865107
1124	10865311
1125	10865588
1126	10865879
1127	10865970
1128	10866388
1129	10866465
1130	10866491
1131	10866541
1132	10866630
1133	10866667
1134	10867101
1135	10867529
1136	10867834
1137	10868014
1138	10868127
1139	10868317
1140	10868519
1141	10868584
1142	10868709
1143	10868723
1144	10868774
1145	10868812
1146	10868848
1147	10868901
1148	10869004
1149	10869055
1150	10869129
1151	10869321
1152	10869586
1153	10869725
1154	10869802
1155	10870020
1156	10870119
1157	10870259
1158	10870448
1159	10870513
1160	10870741
1161	10870956
1162	10871046
1163	10871111
1164	10871150
1165	10871566
1166	10871628
1167	10871782
1168	10871832
1169	10872125
1170	10872570
1171	10872822
1172	10872846
1173	10872935
1174	10873192
1175	10873204
1176	10873279
1177	10873343
1178	10873560
1179	10874004
1180	10874016
1181	10874307
1182	10874598
1183	10874788
1184	10874966
1185	10875045
1186	10875084
1187	10875247
1188	10875843
1189	10875856
1190	10876973
1191	10877049
1192	10877076
1193	10877090
1194	10877102
1195	10877114
1196	10877191
1197	10877239
1198	10877304
1199	10877328
1200	10877431
1201	10877468
1202	10877482
1203	10877506
1204	10877532
1205	10877571
1206	10877607
1207	10877722
1208	10877734
1209	10877746
1210	10877761
1211	10877785
1212	10877900
1213	10877963
1214	10877975
1215	10878104
1216	10878167
1217	10878318
1218	10878585
1219	10878597
1220	10878609
1221	10878623
1222	10878647
1223	10878748
1224	10879284
1225	10881530
1226	10881555
1227	10882658
1228	10884791
1229	10885580
1230	10885592
1231	10886911
1232	10886950
1233	10886998
1234	10887014
1235	10887026
1236	10887038
1237	10887040
1238	10887065
1239	10887154
1240	10887610
1241	10887659
1242	10889020
1243	10889374
1244	10889590
1245	10889638
1246	10890907
1247	10890958
1248	10890960
1249	10890972
1250	10890984
1251	10891784
1252	10891796
1253	10892026
1254	10892077
1255	10892180
1256	10892685
1257	10893446
1258	10893461
1259	10893497
1260	10893598
1261	10893600
1262	10893651
1263	10893749
1264	10893788
1265	10894018
1266	10894020
1267	10894057
1268	10894083
1269	10895492
1270	10896037
1271	10896239
1272	10896304
1273	10896569
1274	10896809
1275	10897128
1276	10897270
1277	10898498
1278	10898967
1279	10898993
1280	10899019
1281	10899641
1282	10900114
1283	10900708
1284	10900809
1285	10901751
1286	10902462
1287	10902601
1288	10902738
1289	10904631
1290	10906547
1291	10910040
1292	10910089
1293	10915421
1294	10915647
1295	10917603
1296	10917932
1297	10917995
1298	10918011
1299	10918047
1300	10918148
1301	10918201
1302	10918249
1303	10918326
1304	10918530
1305	10918567
1306	10918819
1307	10918884
1308	10919266
1309	10919316
1310	10919381
1311	10919494
1312	10919506
1313	10919532
1314	10919557
1315	10919569
1316	10919595
1317	10919619
1318	10919621
1319	10919660
1320	10919672
1321	10919696
1322	10919708
1323	10919710
1324	10919722
1325	10919734
1326	10919746
1327	10919811
1328	10919862
1329	10919874
1330	10919886
1331	10919898
1332	10919900
1333	10919987
1334	10920092
1335	10920104
1336	10920155
1337	10920318
1338	10920573
1339	10920965
1340	10921144
1341	10921258
1342	10921462
1343	10922122
1344	10922452
1345	10922793
1346	10922843
1347	10922957
1348	10922983
1349	10923011
1350	10923213
1351	10923326
1352	10923353
1353	10923403
1354	10923478
1355	10923555
1356	10923670
1357	10923682
1358	10923807
1359	10924761
1360	10925889
1361	10925891
1362	10926222
1363	10926386
1364	10926905
1365	10926970
1366	10927503
1367	10928455
1368	10928632
1369	10928644
1370	10928950
1371	10929370
1372	10929507
1373	10929925
1374	10930042
1375	10930446
1376	10930941
1377	10931018
1378	10931196
1379	10931804
1380	10931956
1381	10932022
1382	10942201
1383	10944320
1384	10946818
1385	10948762
1386	10949079
1387	10951679
1388	10951681
1389	10953887
1390	10955312
1391	10967356
1392	10967533
1393	10967560
1394	10967848
1395	10967887
1396	10967899
1397	10968067
1398	10969929
1399	10970174
1400	10970477
1401	10970984
1402	10970996
1403	10972091
1404	10973079
1405	10973927
1406	10974119
1407	10974727
1408	10975148
1409	10975163
1410	10975276
1411	10976215
1412	10982383
1413	10982902
1414	10983373
1415	10986230
1416	10986735
1417	10990810
1418	10990950
1419	10991065
1420	10991608
1421	10992143
1422	10992903
1423	10999492
1424	10999516
1425	10999528
1426	10999530
1427	10999581
1428	10999593
1429	10999617
1430	10999631
1431	10999656
1432	10999670
1433	10999682
1434	10999706
1435	10999769
1436	10999783
1437	10999795
1438	10999807
1439	10999821
1440	10999833
1441	10999845
1442	10999872
1443	10999910
1444	10999934
1445	10999946
1446	10999959
1447	10999961
1448	11000003
1449	11000027
1450	11000066
1451	11000080
1452	11000092
1453	11000104
1454	11000116
1455	11000128
1456	11000130
1457	11000179
1458	11000217
1459	11000268
1460	11000294
1461	11000306
1462	11000318
1463	11000369
1464	11000383
1465	11000395
1466	11000419
1467	11000421
1468	11000445
1469	11000458
1470	11000508
1471	11000546
1472	11000559
1473	11000573
1474	11000597
1475	11000609
1476	11000611
1477	11000623
1478	11000650
1479	11000662
1480	11000712
1481	11000724
1482	11000736
1483	11000751
1484	11000775
1485	11000813
1486	11000825
1487	11000837
1488	11000876
1489	11000890
1490	11000914
1491	11000953
1492	11000965
1493	11000977
1494	11000989
1495	11000991
1496	11001005
1497	11001017
1498	11001043
1499	11001068
1500	11001106
1501	11001118
1502	11001157
1503	11001171
1504	11001183
1505	11001219
1506	11001221
1507	11001233
1508	11001258
1509	11001260
1510	11001284
1511	11001308
1512	11001310
1513	11001346
1514	11001409
1515	11001435
1516	11001450
1517	11001462
1518	11001474
1519	11001486
1520	11001500
1521	11001512
1522	11001524
1523	11001536
1524	11001548
1525	11001575
1526	11001587
1527	11001599
1528	11001601
1529	11001652
1530	11001664
1531	11001676
1532	11001726
1533	11001740
1534	11001765
1535	11001777
1536	11001789
1537	11001815
1538	11002108
1539	11002122
1540	11002247
1541	11002375
1542	11002399
1543	11006867
1544	11007097
1545	11007109
1546	11008517
1547	11010966
1548	11010978
1549	11011044
1550	11011158
1551	11011196
1552	11011311
1553	11011323
1554	11011525
1555	11011552
1556	11011842
1557	11012111
1558	11012313
1559	11012352
1560	11012438
1561	11012465
1562	11013240
1563	11013354
1564	11013962
1565	11014065
1566	11014139
1567	11014154
1568	11014697
1569	11014913
1570	11015068
1571	11015094
1572	11015841
1573	11016716
1574	11016944
1575	11016971
1576	11017062
1577	11017528
1578	11017757
1579	11017807
1580	11017961
1581	11018140
1582	11018239
1583	11019229
1584	11019344
1585	11020031
1586	11020056
1587	11020690
1588	11021146
1589	11021262
1590	11021906
1591	11021920
1592	11022035
1593	11022163
1594	11022201
1595	11022237
1596	11022290
1597	11022338
1598	11022718
1599	11022769
1600	11023114
1601	11023191
1602	11023431
1603	11023482
1604	11023595
1605	11023619
1606	11024128
1607	11024496
1608	11024686
1609	11024763
1610	11024849
1611	11025020
1612	11025374
1613	11025400
1614	11025448
1615	11025451
1616	11025552
1617	11025931
1618	11025943
1619	11026174
1620	11026921
1621	11027303
1622	11027378
1623	11027416
1624	11027428
1625	11027442
1626	11027479
1627	11027758
1628	11028420
1629	11028432
1630	11028572
1631	11029081
1632	11029461
1633	11029550
1634	11029954
1635	11030424
1636	11030792
1637	11030855
1638	11031402
1639	11031782
1640	11032012
1641	11032048
1642	11032226
1643	11032238
1644	11032568
1645	11032618
1646	11032950
1647	11033077
1648	11033343
1649	11033723
1650	11033774
1651	11033800
1652	11033851
1653	11034055
1654	11034168
1655	11034232
1656	11034321
1657	11034372
1658	11034550
1659	11034675
1660	11035007
1661	11035060
1662	11035084
1663	11035351
1664	11035363
1665	11035387
1666	11035399
1667	11035401
1668	11035437
1669	11035449
1670	11035488
1671	11035603
1672	11036151
1673	11036668
1674	11036922
1675	11036961
1676	11036997
1677	11037001
1678	11037114
1679	11037138
1680	11037254
1681	11037278
1682	11037280
1683	11037292
1684	11037304
1685	11037330
1686	11037405
1687	11037417
1688	11037518
1689	11037785
1690	11038484
1691	11038609
1692	11038650
1693	11038849
1694	11038876
1695	11038888
1696	11038938
1697	11039017
1698	11039144
1699	11039171
1700	11039272
1701	11039308
1702	11039373
1703	11039498
1704	11039587
1705	11039726
1706	11039738
1707	11039878
1708	11039880
1709	11039930
1710	11040072
1711	11040159
1712	11040387
1713	11040577
1714	11040755
1715	11041050
1716	11041098
1717	11041199
1718	11041225
1719	11041249
1720	11041670
1721	11041997
1722	11042140
1723	11042518
1724	11043066
1725	11043458
1726	11043496
1727	11043674
1728	11043813
1729	11043926
1730	11044144
1731	11044260
1732	11044272
1733	11044601
1734	11044688
1735	11044690
1736	11044714
1737	11044726
1738	11044878
1739	11045198
1740	11045414
1741	11045592
1742	11045667
1743	11045705
1744	11045756
1745	11045895
1746	11046164
1747	11046277
1748	11046493
1749	11046632
1750	11046671
1751	11047370
1752	11047420
1753	11047521
1754	11047863
1755	11048028
1756	11048713
1757	11048927
1758	11049347
1759	11049804
1760	11049917
1761	11050135
1762	11050147
1763	11050857
1764	11051137
1765	11051226
1766	11051354
1767	11051392
1768	11051481
1769	11051568
1770	11051974
1771	11052370
1772	11052382
1773	11052406
1774	11052709
1775	11052812
1776	11052848
1777	11052964
1778	11053105
1779	11053129
1780	11053232
1781	11053358
1782	11053384
1783	11053612
1784	11053725
1785	11054208
1786	11054210
1787	11054311
1788	11054398
1789	11054525
1790	11054677
1791	11054715
1792	11055098
1793	11055391
1794	11055439
1795	11055454
1796	11055605
1797	11055617
1798	11055946
1799	11056645
1800	11056684
1801	11056696
1802	11058409
1803	11058512
1804	11058551
1805	11058599
1806	11058613
1807	11058664
1808	11058714
1809	11058765
1810	11058981
1811	11061165
1812	11061431
1813	11061494
1814	11061532
1815	11061569
1816	11062585
1817	11062748
1818	11064250
1819	11065733
1820	11065745
1821	11067410
1822	11067446
1823	11067764
1824	11067840
1825	11067877
1826	11067939
1827	11067980
1828	11068020
1829	11068133
1830	11068158
1831	11068172
1832	11068184
1833	11068261
1834	11075761
1835	11075773
1836	11075785
1837	11075797
1838	11075874
1839	11078223
1840	11078235
1841	11078387
1842	11078452
1843	11078526
1844	11078591
1845	11078639
1846	11078641
1847	11078680
1848	11078728
1849	11078755
1850	11078805
1851	11078831
1852	11078856
1853	11078906
1854	11078918
1855	11078971
1856	11079009
1857	11079023
1858	11079062
1859	11079136
1860	11079237
1861	11079542
1862	11080165
1863	11080191
1864	11080292
1865	11080381
1866	11080405
1867	11081611
1868	11081650
1869	11082056
1870	11082068
1871	11082082
1872	11082450
1873	11083159
1874	11083312
1875	11083589
1876	11084326
1877	11084833
1878	11084884
1879	11085026
1880	11085115
1881	11085673
1882	11086143
1883	11086218
1884	11087487
1885	11087552
1886	11090192
1887	11093743
1888	11102896
1889	11104306
1890	11104508
1891	11104686
1892	11105309
1893	11105499
1894	11105614
1895	11105626
1896	11106111
1897	11106313
1898	11107911
1899	11110160
1900	11110208
1901	11110210
1902	11110222
1903	11110246
1904	11110259
1905	11110261
1906	11110297
1907	11110309
1908	11110311
1909	11110323
1910	11110804
1911	11110879
1912	11113812
1913	11113836
1914	11113848
1915	11113863
1916	11113901
1917	11114016
1918	11114093
1919	11114206
1920	11114244
1921	11114269
1922	11114396
1923	11114434
1924	11114586
1925	11114713
1926	11114725
1927	11114790
1928	11114826
1929	11114877
1930	11114903
1931	11114939
1932	11114978
1933	11115007
1934	11115161
1935	11115209
1936	11115779
1937	11115920
1938	11115983
1939	11116340
1940	11116466
1941	11116845
1942	11116896
1943	11117189
1944	11117850
1945	11117862
1946	11117898
1947	11117900
1948	11117951
1949	11117963
1950	11117975
1951	11117987
1952	11118066
1953	11118104
1954	11118433
1955	11119258
1956	11119260
1957	11119296
1958	11119310
1959	11119322
1960	11119334
1961	11119359
1962	11119361
1963	11119373
1964	11119397
1965	11119409
1966	11119435
1967	11119450
1968	11119486
1969	11119498
1970	11119512
1971	11119524
1972	11119536
1973	11119548
1974	11119563
1975	11119587
1976	11119599
1977	11119637
1978	11119649
1979	11119652
1980	11119664
1981	11119676
1982	11119688
1983	11119714
1984	11119726
1985	11119738
1986	11119740
1987	11119777
1988	11119789
1989	11119815
1990	11119993
1991	11120007
1992	11121100
1993	11121187
1994	11121199
1995	11123712
1996	11123799
1997	11124411
1998	11124815
1999	11125907
2000	11125919
2001	11125984
2002	11125996
2003	11126048
2004	11126974
2005	11127038
2006	11127469
2007	11128079
2008	11128980
2009	11129006
2010	11129816
2011	11129842
2012	11129956
2013	11130693
2014	11131479
2015	11131632
2016	11133600
2017	11133865
2018	11135252
2019	11135288
2020	11137433
2021	11137484
2022	11137508
2023	11138524
2024	11138726
2025	11138942
2026	11139072
2027	11149186
2028	11153210
2029	11153778
2030	11154275
2031	11157118
2032	11159631
2033	11160191
2034	11160342
2035	11167691
2036	11167905
2037	11167931
2038	11168008
2039	11168186
2040	11168313
2041	11169315
2042	11169962
2043	11169986
2044	11170610
2045	11170659
2046	11172158
2047	11172475
2048	11172588
2049	11173731
2050	11174000
2051	11182577
2052	11184292
2053	11186121
2054	11188745
2055	11189976
2056	11190396
2057	11190523
2058	11190776
2059	11191006
2060	11191816
2061	11191943
2062	11192200
2063	11192313
2064	11192592
2065	11194521
2066	11194697
2067	11194723
2068	11194747
2069	11194750
2070	11194762
2071	11194798
2072	11194800
2073	11194812
2074	11194824
2075	11194875
2076	11194899
2077	11194964
2078	11194976
2079	11195043
2080	11195094
2081	11195118
2082	11195120
2083	11195169
2084	11195207
2085	11195233
2086	11195245
2087	11195258
2088	11195272
2089	11195284
2090	11195296
2091	11195334
2092	11195359
2093	11195385
2094	11195411
2095	11195447
2096	11195462
2097	11195474
2098	11195486
2099	11195500
2100	11195512
2101	11195524
2102	11195563
2103	11195575
2104	11195637
2105	11195676
2106	11195688
2107	11195690
2108	11195714
2109	11195726
2110	11195738
2111	11195765
2112	11195827
2113	11195892
2114	11195904
2115	11195928
2116	11195967
2117	11195979
2118	11195981
2119	11195993
2120	11196007
2121	11196033
2122	11196058
2123	11196072
2124	11196096
2125	11196108
2126	11196173
2127	11196235
2128	11196247
2129	11196274
2130	11196298
2131	11196300
2132	11196363
2133	11196401
2134	11196425
2135	11196437
2136	11196514
2137	11196538
2138	11196565
2139	11196577
2140	11196627
2141	11196704
2142	11196716
2143	11196755
2144	11196779
2145	11196793
2146	11196829
2147	11196831
2148	11196932
2149	11196969
2150	11196971
2151	11196983
2152	11196995
2153	11197009
2154	11197023
2155	11197365
2156	11197391
2157	11198456
2158	11199003
2159	11199015
2160	11199825
2161	11199953
2162	11199989
2163	11199991
2164	11200122
2165	11200639
2166	11201478
2167	11203686
2168	11203813
2169	11203902
2170	11203991
2171	11204373
2172	11204702
2173	11204753
2174	11204866
2175	11204904
2176	11205073
2177	11205085
2178	11205325
2179	11205489
2180	11205984
2181	11205996
2182	11206618
2183	11206923
2184	11207293
2185	11207863
2186	11208093
2187	11208129
2188	11208194
2189	11208283
2190	11208473
2191	11208509
2192	11209069
2193	11209412
2194	11209436
2195	11209513
2196	11209549
2197	11209552
2198	11209602
2199	11209881
2200	11210034
2201	11210085
2202	11210251
2203	11210263
2204	11210287
2205	11210364
2206	11210630
2207	11210642
2208	11210667
2209	11210717
2210	11210832
2211	11211113
2212	11211149
2213	11211152
2214	11211253
2215	11211366
2216	11212040
2217	11212065
2218	11212685
2219	11212824
2220	11212875
2221	11212901
2222	11213434
2223	11213814
2224	11214145
2225	11214285
2226	11214374
2227	11214463
2228	11214614
2229	11214828
2230	11214929
2231	11215074
2232	11215201
2233	11215213
2234	11215302
2235	11215338
2236	11215365
2237	11215530
2238	11215656
2239	11215668
2240	11215670
2241	11215819
2242	11216607
2243	11216924
2244	11217003
2245	11217041
2246	11217078
2247	11217243
2248	11217294
2249	11217332
2250	11217510
2251	11217940
2252	11217965
2253	11218094
2254	11218450
2255	11218854
2256	11218967
2257	11219058
2258	11219072
2259	11219084
2260	11219173
2261	11219211
2262	11219298
2263	11219312
2264	11219324
2265	11219336
2266	11219805
2267	11220009
2268	11220074
2269	11220187
2270	11220225
2271	11220249
2272	11220377
2273	11220439
2274	11220466
2275	11220795
2276	11221114
2277	11221138
2278	11221140
2279	11221569
2280	11221583
2281	11221722
2282	11221797
2283	11221900
2284	11221948
2285	11221975
2286	11222306
2287	11222332
2288	11222852
2289	11223346
2290	11223740
2291	11223880
2292	11223904
2293	11224223
2294	11224526
2295	11225188
2296	11225265
2297	11225378
2298	11225543
2299	11225582
2300	11225772
2301	11225784
2302	11225810
2303	11226141
2304	11226317
2305	11226394
2306	11226406
2307	11226469
2308	11226572
2309	11226646
2310	11226762
2311	11226899
2312	11227269
2313	11227941
2314	11227978
2315	11228006
2316	11228069
2317	11228071
2318	11228095
2319	11228133
2320	11228172
2321	11228210
2322	11228412
2323	11228463
2324	11228766
2325	11228830
2326	11229489
2327	11229794
2328	11230099
2329	11230125
2330	11230190
2331	11230265
2332	11230392
2333	11230428
2334	11230442
2335	11230455
2336	11230481
2337	11230594
2338	11230909
2339	11231204
2340	11231242
2341	11231255
2342	11231697
2343	11231798
2344	11232093
2345	11232131
2346	11232170
2347	11232194
2348	11232271
2349	11232295
2350	11232319
2351	11232372
2352	11232396
2353	11232434
2354	11232511
2355	11232547
2356	11232624
2357	11232648
2358	11232752
2359	11232764
2360	11232776
2361	11232790
2362	11232826
2363	11232889
2364	11232891
2365	11233374
2366	11233513
2367	11233552
2368	11233804
2369	11233816
2370	11233830
2371	11234008
2372	11234073
2373	11234109
2374	11234236
2375	11234349
2376	11234402
2377	11234541
2378	11234554
2379	11234580
2380	11234907
2381	11235013
2382	11235189
2383	11235456
2384	11235468
2385	11236015
2386	11236484
2387	11236573
2388	11236775
2389	11236849
2390	11236938
2391	11237120
2392	11237221
2393	11237310
2394	11237447
2395	11237599
2396	11237726
2397	11237841
2398	11238300
2399	11239492
2400	11240001
2401	11240102
2402	11240203
2403	11240266
2404	11240470
2405	11240494
2406	11240672
2407	11240797
2408	11240809
2409	11240963
2410	11241078
2411	11241181
2412	11241268
2413	11241369
2414	11241510
2415	11241534
2416	11241609
2417	11241799
2418	11242118
2419	11242207
2420	11242260
2421	11242272
2422	11242435
2423	11242789
2424	11242854
2425	11243021
2426	11243096
2427	11243122
2428	11243134
2429	11243209
2430	11243235
2431	11243375
2432	11243856
2433	11243995
2434	11244023
2435	11244148
2436	11244252
2437	11244466
2438	11244720
2439	11245053
2440	11245267
2441	11245356
2442	11245483
2443	11245610
2444	11245709
2445	11246055
2446	11246283
2447	11246319
2448	11246497
2449	11246701
2450	11246853
2451	11246865
2452	11246891
2453	11247071
2454	11247259
2455	11247451
2456	11247475
2457	11247525
2458	11247703
2459	11247739
2460	11248186
2461	11248263
2462	11248313
2463	11248337
2464	11248527
2465	11248604
2466	11248945
2467	11248984
2468	11249075
2469	11249099
2470	11249101
2471	11249428
2472	11249455
2473	11249808
2474	11250002
2475	11250038
2476	11250370
2477	11250406
2478	11250444
2479	11250659
2480	11250875
2481	11251016
2482	11251105
2483	11251321
2484	11251333
2485	11251687
2486	11251840
2487	11252020
2488	11252564
2489	11252614
2490	11252691
2491	11252741
2492	11252804
2493	11252982
2494	11253376
2495	11253566
2496	11253679
2497	11253818
2498	11253958
2499	11254075
2500	11254190
2501	11254226
2502	11254253
2503	11254442
2504	11254570
2505	11254594
2506	11254620
2507	11254644
2508	11254808
2509	11255128
2510	11255914
2511	11256411
2512	11256702
2513	11256714
2514	11256753
2515	11257223
2516	11257401
2517	11257538
2518	11257639
2519	11257906
2520	11257971
2521	11258656
2522	11258732
2523	11260318
2524	11260546
2525	11260852
2526	11261106
2527	11261613
2528	11262300
2529	11264001
2530	11264025
2531	11264114
2532	11265206
2533	11266297
2534	11266309
2535	11266335
2536	11266451
2537	11266513
2538	11266715
2539	11267150
2540	11267224
2541	11267426
2542	11267616
2543	11267743
2544	11267794
2545	11267844
2546	11267895
2547	11267958
2548	11268024
2549	11268087
2550	11268099
2551	11268214
2552	11268253
2553	11268327
2554	11268392
2555	11268430
2556	11268529
2557	11268758
2558	11269053
2559	11269279
2560	11270511
2561	11270600
2562	11271828
2563	11271982
2564	11272073
2565	11272123
2566	11272147
2567	11272212
2568	11272236
2569	11272248
2570	11272388
2571	11272414
2572	11272426
2573	11272438
2574	11272616
2575	11272630
2576	11272642
2577	11272731
2578	11272782
2579	11272794
2580	11272820
2581	11272869
2582	11272883
2583	11272907
2584	11272919
2585	11273125
2586	11273149
2587	11273190
2588	11273238
2589	11273339
2590	11273467
2591	11273481
2592	11273531
2593	11273556
2594	11273950
2595	11274305
2596	11274329
2597	11274521
2598	11275411
2599	11275423
2600	11275599
2601	11275690
2602	11275740
2603	11276173
2604	11276185
2605	11276298
2606	11276375
2607	11276387
2608	11276449
2609	11276526
2610	11276538
2611	11276553
2612	11276678
2613	11276767
2614	11276779
2615	11276781
2616	11277454
2617	11277605
2618	11277757
2619	11278304
2620	11278379
2621	11278468
2622	11278886
2623	11279395
2624	11279609
2625	11279635
2626	11279650
2627	11279977
2628	11280005
2629	11280056
2630	11280219
2631	11280753
2632	11281868
2633	11282148
2634	11282858
2635	11283049
2636	11283126
2637	11283443
2638	11284294
2639	11285196
2640	11285208
2641	11285398
2642	11286299
2643	11286883
2644	11287531
2645	11294321
2646	11294586
2647	11295072
2648	11295247
2649	11296896
2650	11298421
2651	11298510
2652	11298561
2653	11298573
2654	11298775
2655	11300023
2656	11300035
2657	11300656
2658	11300682
2659	11300732
2660	11300769
2661	11300946
2662	11300961
2663	11301076
2664	11301177
2665	11301203
2666	11301241
2667	11301266
2668	11301280
2669	11301355
2670	11301405
2671	11301456
2672	11301468
2673	11301494
2674	11301571
2675	11301607
2676	11301621
2677	11301645
2678	11301660
2679	11301696
2680	11301734
2681	11301761
2682	11301785
2683	11301811
2684	11301835
2685	11301850
2686	11301862
2687	11301936
2688	11301963
2689	11301987
2690	11302116
2691	11302167
2692	11302181
2693	11302217
2694	11302231
2695	11302332
2696	11302369
2697	11302371
2698	11302419
2699	11302433
2700	11302484
2701	11302510
2702	11302546
2703	11302561
2704	11302650
2705	11302662
2706	11302674
2707	11302686
2708	11302700
2709	11302736
2710	11302849
2711	11302864
2712	11302876
2713	11302888
2714	11302890
2715	11303144
2716	11303447
2717	11303613
2718	11303765
2719	11304730
2720	11304767
2721	11304793
2722	11304817
2723	11305556
2724	11305594
2725	11305618
2726	11305644
2727	11305695
2728	11305707
2729	11305719
2730	11305721
2731	11305760
2732	11305772
2733	11305822
2734	11305885
2735	11305897
2736	11305909
2737	11305911
2738	11305947
2739	11305950
2740	11305998
2741	11306026
2742	11306053
2743	11306065
2744	11306077
2745	11306103
2746	11306230
2747	11306279
2748	11306331
2749	11307131
2750	11307257
2751	11307271
2752	11310063
2753	11312459
2754	11313424
2755	11314174
2756	11314200
2757	11314287
2758	11314325
2759	11314388
2760	11314402
2761	11314438
2762	11314693
2763	11314731
2764	11314869
2765	11315266
2766	11315482
2767	11315722
2768	11316611
2769	11316953
2770	11319617
2771	11319631
2772	11319961
2773	11320126
2774	11320355
2775	11320734
2776	11320898
2777	11321205
2778	11321419
2779	11321674
2780	11322738
2781	11322791
2782	11328301
2783	11328337
2784	11336652
2785	11337399
2786	11338009
2787	11338047
2788	11338062
2789	11338163
2790	11338199
2791	11338302
2792	11338365
2793	11338391
2794	11338439
2795	11338441
2796	11338466
2797	11338492
2798	11338504
2799	11338516
2800	11338530
2801	11338581
2802	11338605
2803	11338656
2804	11338668
2805	11338682
2806	11338718
2807	11338795
2808	11338807
2809	11338821
2810	11338860
2811	11338910
2812	11338922
2813	11339001
2814	11339025
2815	11339191
2816	11339227
2817	11339355
2818	11340306
2819	11340357
2820	11346665
2821	11346931
2822	11353644
2823	11353909
2824	11354154
2825	11361401
2826	11361488
2827	11361540
2828	11361767
2829	11361868
2830	11362415
2831	11362567
2832	11362579
2833	11362682
2834	11366212
2835	11367036
2836	11367303
2837	11367481
2838	11371287
2839	11371453
2840	11371958
2841	11371972
2842	11372063
2843	11372075
2844	11372392
2845	11372594
2846	11372620
2847	11372683
2848	11372707
2849	11373103
2850	11373329
2851	11373596
2852	11376415
2853	11377595
2854	11377847
2855	11377900
2856	11377948
2857	11377963
2858	11377987
2859	11377999
2860	11378015
2861	11378054
2862	11378155
2863	11378167
2864	11378243
2865	11378320
2866	11378369
2867	11378383
2868	11378395
2869	11378421
2870	11378433
2871	11378472
2872	11378484
2873	11378508
2874	11378546
2875	11378559
2876	11378611
2877	11378635
2878	11378650
2879	11378662
2880	11378698
2881	11378775
2882	11378813
2883	11378902
2884	11378926
2885	11378977
2886	11378989
2887	11379017
2888	11379068
2889	11379070
2890	11379118
2891	11379157
2892	11379245
2893	11379258
2894	11379322
2895	11379498
2896	11379512
2897	11379551
2898	11379652
2899	11379726
2900	11379740
2901	11379753
2902	11379815
2903	11379839
2904	11379854
2905	11379878
2906	11379880
2907	11379967
2908	11380185
2909	11380250
2910	11380324
2911	11380413
2912	11380464
2913	11380577
2914	11380615
2915	11380654
2916	11380680
2917	11380755
2918	11380817
2919	11380856
2920	11385414
2921	11385453
2922	11385933
2923	11386164
2924	11386455
2925	11386935
2926	11386986
2927	11389689
2928	11390337
2929	11390414
2930	11390477
2931	11390503
2932	11390539
2933	11390554
2934	11390566
2935	11390580
2936	11390655
2937	11391087
2938	11391113
2939	11391149
2940	11391570
2941	11392002
2942	11392139
2943	11392305
2944	11392331
2945	11392774
2946	11392812
2947	11392851
2948	11392863
2949	11393081
2950	11393170
2951	11394133
2952	11394222
2953	11394246
2954	11394297
2955	11394386
2956	11394412
2957	11394626
2958	11394816
2959	11395288
2960	11395872
2961	11396114
2962	11396266
2963	11396429
2964	11396633
2965	11397181
2966	11397193
2967	11397268
2968	11397445
2969	11397585
2970	11397775
2971	11397977
2972	11398169
2973	11398322
2974	11398411
2975	11399122
2976	11399449
2977	11399882
2978	11400064
2979	11400328
2980	11400482
2981	11400633
2982	11400672
2983	11401193
2984	11401205
2985	11401395
2986	11401597
2987	11401686
2988	11402029
2989	11402322
2990	11402474
2991	11402652
2992	11402854
2993	11403146
2994	11403348
2995	11403351
2996	11403413
2997	11404050
2998	11404151
2999	11404163
3000	11405204
3001	11405267
3002	11405661
3003	11405812
3004	11405949
3005	11406206
3006	11406257
3007	11406319
3008	11406687
3009	11407145
3010	11407158
3011	11407590
3012	11408592
3013	11408630
3014	11408679
3015	11408681
3016	11409099
3017	11409289
3018	11409327
3019	11409378
3020	11409481
3021	11409517
3022	11409531
3023	11409810
3024	11409986
3025	11410040
3026	11410091
3027	11410281
3028	11410406
3029	11410457
3030	11410608
3031	11411055
3032	11411598
3033	11412703
3034	11413010
3035	11413073
3036	11413097
3037	11413337
3038	11413527
3039	11413554
3040	11413782
3041	11413883
3042	11414048
3043	11414063
3044	11414099
3045	11414202
3046	11414620
3047	11415306
3048	11415320
3049	11415332
3050	11415344
3051	11415383
3052	11415496
3053	11415724
3054	11415775
3055	11416219
3056	11417159
3057	11417514
3058	11417540
3059	11417641
3060	11417730
3061	11417829
3062	11418112
3063	11418151
3064	11418276
3065	11418290
3066	11418528
3067	11418567
3068	11418946
3069	11419001
3070	11419013
3071	11419090
3072	11419191
3073	11419557
3074	11419672
3075	11419912
3076	11420395
3077	11420724
3078	11421068
3079	11421094
3080	11421106
3081	11421346
3082	11421815
3083	11422060
3084	11422413
3085	11422856
3086	11423086
3087	11423225
3088	11423252
3089	11423340
3090	11423454
3091	11424393
3092	11424518
3093	11424595
3094	11424658
3095	11424746
3096	11424785
3097	11424823
3098	11424847
3099	11424999
3100	11425004
3101	11425459
3102	11425523
3103	11425550
3104	11425687
3105	11425713
3106	11425939
3107	11426121
3108	11426259
3109	11426475
3110	11426614
3111	11426905
3112	11426929
3113	11426943
3114	11427200
3115	11427390
3116	11427503
3117	11427681
3118	11427756
3119	11427883
3120	11427958
3121	11427996
3122	11428152
3123	11428315
3124	11428505
3125	11428531
3126	11428568
3127	11428861
3128	11428885
3129	11428950
3130	11429014
3131	11429139
3132	11429279
3133	11429406
3134	11429457
3135	11429495
3136	11429545
3137	11429735
3138	11429976
3139	11430232
3140	11430446
3141	11430473
3142	11430699
3143	11430877
3144	11431158
3145	11431184
3146	11431273
3147	11431400
3148	11431451
3149	11431640
3150	11431665
3151	11431792
3152	11431828
3153	11432034
3154	11432390
3155	11432453
3156	11432731
3157	11432770
3158	11433099
3159	11433190
3160	11433404
3161	11433517
3162	11433772
3163	11434230
3164	11434293
3165	11434394
3166	11434697
3167	11434786
3168	11434949
3169	11434990
3170	11435195
3171	11435474
3172	11435563
3173	11435753
3174	11435904
3175	11436033
3176	11436223
3177	11436274
3178	11436490
3179	11436641
3180	11436678
3181	11436704
3182	11436817
3183	11436932
3184	11437047
3185	11437062
3186	11437353
3187	11437427
3188	11437605
3189	11437670
3190	11437934
3191	11438025
3192	11438052
3193	11438064
3194	11438114
3195	11438254
3196	11438381
3197	11438482
3198	11438672
3199	11438746
3200	11438785
3201	11438811
3202	11438850
3203	11439092
3204	11439484
3205	11439864
3206	11440221
3207	11440310
3208	11440435
3209	11440450
3210	11441286
3211	11441464
3212	11441882
3213	11442480
3214	11442492
3215	11442555
3216	11442769
3217	11443064
3218	11443140
3219	11443227
3220	11443266
3221	11443280
3222	11443468
3223	11443660
3224	11443710
3225	11445273
3226	11445448
3227	11445590
3228	11445665
3229	11447885
3230	11448127
3231	11449574
3232	11449737
3233	11453964
3234	11455007
3235	11456617
3236	11456643
3237	11456694
3238	11458611
3239	11458623
3240	11458647
3241	11458724
3242	11458799
3243	11458837
3244	11458852
3245	11458890
3246	11458902
3247	11458926
3248	11458938
3249	11459056
3250	11459106
3251	11459183
3252	11459219
3253	11459233
3254	11459245
3255	11459272
3256	11459284
3257	11459296
3258	11459310
3259	11459346
3260	11459359
3261	11459613
3262	11459652
3263	11459791
3264	11461631
3265	11461732
3266	11462239
3267	11462266
3268	11462280
3269	11462367
3270	11462456
3271	11462595
3272	11462619
3273	11462633
3274	11462672
3275	11462710
3276	11462722
3277	11462746
3278	11462759
3279	11462797
3280	11462809
3281	11462835
3282	11462850
3283	11462936
3284	11462948
3285	11463080
3286	11463128
3287	11463130
3288	11463231
3289	11463256
3290	11463268
3291	11463320
3292	11463332
3293	11463395
3294	11463484
3295	11463510
3296	11463700
3297	11463712
3298	11463736
3299	11463748
3300	11463751
3301	11463763
3302	11464169
3303	11464296
3304	11464310
3305	11464322
3306	11464334
3307	11464361
3308	11465150
3309	11465770
3310	11465958
3311	11466188
3312	11466354
3313	11466366
3314	11466529
3315	11466568
3316	11466671
3317	11466695
3318	11466846
3319	11467166
3320	11467230
3321	11467255
3322	11467293
3323	11467329
3324	11467394
3325	11468687
3326	11468838
3327	11468889
3328	11469754
3329	11469968
3330	11469994
3331	11470010
3332	11470693
3333	11471164
3334	11471873
3335	11472091
3336	11473028
3337	11474905
3338	11476900
3339	11477383
3340	11477421
3341	11477698
3342	11481999
3343	11483841
3344	11487939
3345	11487941
3346	11487978
3347	11487992
3348	11488323
3349	11488335
3350	11488347
3351	11488350
3352	11488448
3353	11488564
3354	11491329
3355	11491331
3356	11491343
3357	11491356
3358	11491418
3359	11491483
3360	11491521
3361	11491533
3362	11491560
3363	11491596
3364	11491659
3365	11491685
3366	11491851
3367	11491899
3368	11491952
3369	11492004
3370	11492016
3371	11492055
3372	11492131
3373	11492143
3374	11492170
3375	11492410
3376	11493424
3377	11493451
3378	11493638
3379	11493754
3380	11494857
3381	11494895
3382	11494907
3383	11494921
3384	11494958
3385	11494972
3386	11495001
3387	11495090
3388	11495254
3389	11495304
3390	11495316
3391	11495330
3392	11497359
3393	11497361
3394	11497409
3395	11497423
3396	11497447
3397	11497450
3398	11497462
3399	11497474
3400	11497486
3401	11497536
3402	11497587
3403	11497676
3404	11497878
3405	11500067
3406	11500156
3407	11502287
3408	11502299
3409	11502337
3410	11502349
3411	11502402
3412	11502527
3413	11502592
3414	11502717
3415	11502972
3416	11502984
3417	11503099
3418	11503101
3419	11503125
3420	11503240
3421	11503339
3422	11503416
3423	11503430
3424	11503568
3425	11503808
3426	11503909
3427	11504038
3428	11504800
3429	11504887
3430	11504899
3431	11505512
3432	11505789
3433	11507047
3434	11507201
3435	11507910
3436	11507997
3437	11508342
3438	11508381
3439	11508468
3440	11509332
3441	11509522
3442	11510183
3443	11510334
3444	11510435
3445	11510447
3446	11510462
3447	11510916
3448	11511211
3449	11511247
3450	11511843
3451	11511918
3452	11512338
3453	11515626
3454	11516731
3455	11516743
3456	11518040
3457	11518065
3458	11518267
3459	11519586
3460	11520448
3461	11521743
3462	11522012
3463	11525084
3464	11525425
3465	11525995
3466	11527266
3467	11528015
3468	11528686
3469	11528748
3470	11528940
3471	11532405
3472	11532823
3473	11532835
3474	11534866
3475	11535059
3476	11535224
3477	11535731
3478	11535768
3479	11536303
3480	11537279
3481	11538840
3482	11539018
3483	11539311
3484	11540402
3485	11541125
3486	11541950
3487	11542053
3488	11542368
3489	11542420
3490	11542507
3491	11542735
3492	11543271
3493	11543321
3494	11543562
3495	11543891
3496	11544297
3497	11544335
3498	11544347
3499	11544424
3500	11544677
3501	11544780
3502	11545225
3503	11545542
3504	11545593
3505	11545617
3506	11545783
3507	11545795
3508	11545807
3509	11545961
3510	11546037
3511	11546619
3512	11546761
3513	11547243
3514	11547268
3515	11547991
3516	11548017
3517	11548068
3518	11548207
3519	11548551
3520	11548637
3521	11548791
3522	11549110
3523	11549274
3524	11549375
3525	11549476
3526	11549490
3527	11549591
3528	11549856
3529	11550821
3530	11550946
3531	11551088
3532	11551165
3533	11551379
3534	11551381
3535	11553409
3536	11553411
3537	11553536
3538	11553649
3539	11553928
3540	11554449
3541	11554589
3542	11554603
3543	11554920
3544	11554971
3545	11555188
3546	11555265
3547	11555618
3548	11555707
3549	11556065
3550	11556141
3551	11556495
3552	11556572
3553	11557131
3554	11557271
3555	11557788
3556	11558083
3557	11558210
3558	11558424
3559	11558499
3560	11558754
3561	11559224
3562	11559390
3563	11559527
3564	11559604
3565	11559794
3566	11560238
3567	11560632
3568	11561141
3569	11561178
3570	11562131
3571	11562776
3572	11565367
3573	11568452
3574	11568918
3575	11569074
3576	11570835
3577	11571294
3578	11575166
3579	11576612
3580	11577347
3581	11578426
3582	11578693
3583	11583135
3584	11583921
3585	11584164
3586	11584253
3587	11585849
3588	11587197
3589	11587514
3590	11587603
3591	11587728
3592	11588718
3593	11589076
3594	11589847
3595	11590597
3596	11600703
3597	11604283
3598	11604295
3599	11605399
3600	11606151
3601	11606213
3602	11606795
3603	11606896
3604	11607405
3605	11607518
3606	11607886
3607	11608775
3608	11608926
3609	11610058
3610	11611353
3611	11612088
3612	11612126
3613	11612532
3614	11612658
3615	11612672
3616	11612696
3617	11614195
3618	11614423
3619	11614676
3620	11614738
3621	11615022
3622	11615200
3623	11615299
3624	11615325
3625	11615465
3626	11615984
3627	11616366
3628	11616529
3629	11616594
3630	11617394
3631	11617709
3632	11618156
3633	11618675
3634	11619032
3635	11619311
3636	11619931
3637	11619970
3638	11621012
3639	11621529
3640	11621683
3641	11621719
3642	11622723
3643	11623410
3644	11623701
3645	11624614
3646	11631797
3647	11645621
3648	11648944
3649	11649454
3650	11649706
3651	11649821
3652	11649934
3653	11650936
3654	11654528
3655	11654656
3656	11654668
3657	11654706
3658	11654720
3659	11654783
3660	11654807
3661	11654946
3662	11655014
3663	11655103
3664	11655192
3665	11655255
3666	11655281
3667	11655293
3668	11655356
3669	11655368
3670	11655370
3671	11655382
3672	11655495
3673	11655521
3674	11655584
3675	11655610
3676	11655697
3677	11655913
3678	11655964
3679	11656028
3680	11656079
3681	11656105
3682	11656307
3683	11656372
3684	11656384
3685	11656434
3686	11656497
3687	11656752
3688	11656992
3689	11657158
3690	11657196
3691	11658313
3692	11658477
3693	11663135
3694	11663236
3695	11663693
3696	11664253
3697	11664428
3698	11664543
3699	11665282
3700	11665712
3701	11665965
3702	11666169
3703	11666373
3704	11666637
3705	11668098
3706	11670460
3707	11670635
3708	11671029
3709	11671791
3710	11672779
3711	11676816
3712	11678012
3713	11678745
3714	11679990
3715	11683149
3716	11683861
3717	11684370
3718	11685005
3719	11685017
3720	11685183
3721	11685310
3722	11685322
3723	11685409
3724	11685435
3725	11685500
3726	11685740
3727	11686021
3728	11686173
3729	11687112
3730	11688001
3731	11688532
3732	11688569
3733	11688912
3734	11689546
3735	11689662
3736	11689787
3737	11690928
3738	11691363
3739	11691437
3740	11691565
3741	11691781
3742	11691918
3743	11691971
3744	11692252
3745	11692338
3746	11693367
3747	11693431
3748	11694027
3749	11694142
3750	11694508
3751	11694561
3752	11695436
3753	11695552
3754	11695691
3755	11695804
3756	11695982
3757	11696046
3758	11696527
3759	11696616
3760	11696630
3761	11697036
3762	11697190
3763	11697822
3764	11697950
3765	11698507
3766	11698747
3767	11698812
3768	11699156
3769	11699384
3770	11699473
3771	11699651
3772	11700376
3773	11700782
3774	11701950
3775	11702077
3776	11702267
3777	11702964
3778	11703752
3779	11703826
3780	11704285
3781	11704350
3782	11704374
3783	11704590
3784	11705934
3785	11705946
3786	11705961
3787	11706621
3788	11706645
3789	11706862
3790	11708637
3791	11708652
3792	11709045
3793	11709096
3794	11709843
3795	11710225
3796	11710314
3797	11710391
3798	11710478
3799	11710858
3800	11710961
3801	11710997
3802	11711102
3803	11711239
3804	11711379
3805	11711482
3806	11711684
3807	11712395
3808	11712926
3809	11713233
3810	11713548
3811	11714084
3812	11714173
3813	11714247
3814	11714538
3815	11715378
3816	11716735
3817	11716774
3818	11716925
3819	11717105
3820	11717129
3821	11717170
3822	11717358
3823	11718119
3824	11719008
3825	11719782
3826	11720152
3827	11720416
3828	11720481
3829	11720556
3830	11720657
3831	11720760
3832	11720935
3833	11721329
3834	11721608
3835	11721659
3836	11722307
3837	11722321
3838	11722523
3839	11722788
3840	11723222
3841	11723412
3842	11723640
3843	11723703
3844	11723741
3845	11723804
3846	11724212
3847	11724224
3848	11724871
3849	11724883
3850	11725126
3851	11725431
3852	11725468
3853	11725470
3854	11726229
3855	11726395
3856	11726472
3857	11726813
3858	11726864
3859	11727043
3860	11727195
3861	11728425
3862	11728449
3863	11728781
3864	11729047
3865	11729516
3866	11729631
3867	11730506
3868	11731039
3869	11731318
3870	11731559
3871	11731650
3872	11731787
3873	11731799
3874	11732043
3875	11732120
3876	11732207
3877	11732928
3878	11734961
3879	11735242
3880	11735937
3881	11736333
3882	11737499
3883	11738325
3884	11738717
3885	11738794
3886	11739012
3887	11739366
3888	11739618
3889	11740026
3890	11740331
3891	11740457
3892	11741030
3893	11741271
3894	11742273
3895	11742400
3896	11742638
3897	11743693
3898	11744378
3899	11744657
3900	11745128
3901	11745965
3902	11746346
3903	11746841
3904	11747565
3905	11756792
3906	11757655
3907	11758582
3908	11758632
3909	11758808
3910	11759127
3911	11762426
3912	11762453
3913	11762465
3914	11763481
3915	11768583
3916	11768595
3917	11768823
3918	11768862
3919	11768912
3920	11768924
3921	11769142
3922	11769217
3923	11769407
3924	11769419
3925	11769484
3926	11769837
3927	11769991
3928	11778685
3929	11779473
3930	11782760
3931	11782772
3932	11783560
3933	11784170
3934	11786605
3935	11786922
3936	11787076
3937	11787355
3938	11788369
3939	11788458
3940	11790577
3941	11790678
3942	11790868
3943	11792722
3944	11801913
3945	11801988
3946	11802206
3947	11804782
3948	11806902
3949	11807450
3950	11808514
3951	11810049
3952	11810203
3953	11810569
3954	11813449
3955	11814377
3956	11815558
3957	11817982
3958	11818527
3959	11818844
3960	11821574
3961	11825142
3962	11825167
3963	11825914
3964	11827033
3965	11828201
3966	11828807
3967	11829621
3968	11833480
3969	11834746
3970	11835384
3971	11838036
3972	11844925
3973	11847668
3974	11847718
3975	11847757
3976	11847833
3977	11847961
3978	11848189
3979	11848266
3980	11848443
3981	11848518
3982	11848722
3983	11849179
3984	11849231
3985	11849940
3986	11850031
3987	11851007
3988	11851262
3989	11851728
3990	11851779
3991	11856390
3992	11860032
3993	11862897
3994	11863317
3995	11863329
3996	11863673
3997	11868825
3998	11869486
3999	11870348
4000	11873559
4001	11878220
4002	11878459
4003	11879893
4004	11880743
4005	11883802
4006	11899491
4007	11899693
4008	11900673
4009	11901030
4010	11902689
4011	11902917
4012	11903059
4013	11905748
4014	11906183
4015	11907021
4016	11908148
4017	11911866
4018	11912209
4019	11912312
4020	11914126
4021	11916499
4022	11916653
4023	11916956
4024	11918378
4025	11918531
4026	11920244
4027	11922820
4028	11922960
4029	11923758
4030	11925233
4031	11925284
4032	11925500
4033	11925791
4034	11926134
4035	11926375
4036	11926538
4037	11926704
4038	11926781
4039	11927997
4040	11928658
4041	11931793
4042	11933241
4043	11933759
4044	11938420
4045	11947304
4046	11965252
4047	11965391
4048	11965605
4049	11965819
4050	11970389
4051	11970480
4052	11970516
4053	11970528
4054	11970530
4055	11970593
4056	11970668
4057	11970769
4058	11970821
4059	11970833
4060	11970860
4061	11970961
4062	11971153
4063	11971241
4064	11971254
4065	11971468
4066	11971494
4067	11971633
4068	11971658
4069	11971722
4070	11971746
4071	11971936
4072	11971999
4073	11972003
4074	11972054
4075	11972128
4076	11972142
4077	11972231
4078	11972496
4079	11972573
4080	11972712
4081	11980529
4082	11980758
4083	11981317
4084	11981495
4085	11981747
4086	11982853
4087	11982978
4088	11983335
4089	11983412
4090	11984566
4091	11985025
4092	11986989
4093	11987423
4094	11987500
4095	11987599
4096	11989187
4097	11990025
4098	11990292
4099	11990417
4100	11991357
4101	11992423
4102	11992486
4103	11994062
4104	11994415
4105	11994961
4106	11995178
4107	11995812
4108	11995964
4109	11996752
4110	11996903
4111	11997044
4112	11997133
4113	11997855
4114	11997929
4115	11998073
4116	11999733
4117	11999897
4118	12000562
4119	12000699
4120	12000927
4121	12001234
4122	12002150
4123	12002301
4124	12002364
4125	12002402
4126	12002414
4127	12002527
4128	12002578
4129	12002616
4130	12002933
4131	12003303
4132	12003760
4133	12004038
4134	12004053
4135	12004382
4136	12004507
4137	12004812
4138	12005029
4139	12005637
4140	12006502
4141	12008304
4142	12008482
4143	12008710
4144	12008734
4145	12008773
4146	12009078
4147	12009977
4148	12011363
4149	12011425
4150	12011692
4151	12012961
4152	12013330
4153	12013431
4154	12014395
4155	12014458
4156	12014597
4157	12015297
4158	12015501
4159	12015638
4160	12015689
4161	12015715
4162	12016097
4163	12016770
4164	12016782
4165	12017366
4166	12017760
4167	12017923
4168	12017950
4169	12018279
4170	12018329
4171	12019030
4172	12020261
4173	12020424
4174	12020525
4175	12020602
4176	12020766
4177	12021198
4178	12021642
4179	12021655
4180	12021679
4181	12021729
4182	12021984
4183	12022644
4184	12022986
4185	12023545
4186	12023976
4187	12024269
4188	12024283
4189	12024321
4190	12024636
4191	12025084
4192	12025351
4193	12025591
4194	12025641
4195	12025882
4196	12026009
4197	12026365
4198	12026795
4199	12026997
4200	12027013
4201	12027506
4202	12027520
4203	12028130
4204	12028231
4205	12028256
4206	12028623
4207	12028849
4208	12029942
4209	12030767
4210	12031492
4211	12031884
4212	12031922
4213	12032583
4214	12032660
4215	12032912
4216	12033369
4217	12033849
4218	12036582
4219	12036897
4220	12039311
4221	12039350
4222	12039590
4223	12039754
4224	12041885
4225	12042305
4226	12042901
4227	12043853
4228	12045783
4229	12045997
4230	12046140
4231	12046241
4232	12046280
4233	12049300
4234	12049324
4235	12049627
4236	12049666
4237	12049704
4238	12049767
4239	12049781
4240	12049831
4241	12049932
4242	12050340
4243	12050389
4244	12050403
4245	12050441
4246	12056267
4247	12057168
4248	12057737
4249	12058830
4250	12059503
4251	12059869
4252	12060277
4253	12060467
4254	12061519
4255	12061558
4256	12066041
4257	12071320
4258	12071585
4259	12071825
4260	12071837
4261	12074567
4262	12074744
4263	12074769
4264	12074961
4265	12079935
4266	12080507
4267	12086029
4268	12086688
4269	12086841
4270	12086854
4271	12086955
4272	12086981
4273	12086993
4274	12087019
4275	12087021
4276	12090597
4277	12100576
4278	12102024
4279	12102327
4280	12102339
4281	12107239
4282	12107280
4283	12107355
4284	12108128
4285	12109171
4286	12109195
4287	12110540
4288	12110920
4289	12111213
4290	12111744
4291	12111973
4292	12116253
4293	12119741
4294	12121909
4295	12125441
4296	12127092
4297	12128765
4298	12142927
4299	12143766
4300	12144263
4301	12144681
4302	12144770
4303	12144832
4304	12145076
4305	12145239
4306	12145456
4307	12145482
4308	12145708
4309	12145874
4310	12146268
4311	12146561
4312	12147551
4313	12147625
4314	12149302
4315	12149314
4316	12149326
4317	12149415
4318	12149516
4319	12149528
4320	12156624
4321	12157210
4322	12167882
4323	12168249
4324	12170217
4325	12187819
4326	12191918
4327	12201152
4328	12201998
4329	12203547
4330	12204350
4331	12204424
4332	12204741
4333	12204879
4334	12403008
4335	12403162
4336	12403630
4337	12408112
4338	12412122
4339	12412678
4340	12413213
4341	12417844
4342	12418998
4343	12424483
4344	12426134
4345	12427555
4346	12427946
4347	12431363
4348	12451365
4349	12454322
4350	12458966
4351	12459020
4352	12459210
4353	12462382
4354	12463129
4355	12465516
4356	12465694
4357	12465858
4358	12466088
4359	12476483
4360	12477004
4361	12498996
4362	12512529
4363	12518130
4364	12519260
4365	12544235
4366	12544351
4367	12544452
4368	12544526
4369	12544565
4370	12544728
4371	12544894
4372	12545048
4373	12545188
4374	12545277
4375	12545947
4376	12545986
4377	12546141
4378	12546444
4379	12550075
4380	12550909
4381	12550947
4382	12551469
4383	12552840
4384	12553210
4385	12553638
4386	12554592
4387	12554693
4388	12555660
4389	12556080
4390	12557652
4391	12560215
4392	12560266
4393	12561460
4394	12561496
4395	12561534
4396	12562474
4397	12563007
4398	12564288
4399	12566360
4400	12568352
4401	12568844
4402	12568960
4403	12570305
4404	12571978
4405	12574253
4406	12574493
4407	12575902
4408	12576878
4409	12578542
4410	12580458
4411	12582387
4412	12582870
4413	12583249
4414	12583478
4415	12585055
4416	12585764
4417	12586160
4418	12587630
4419	12588113
4420	12588998
4421	12591792
4422	12592097
4423	12593772
4424	12595397
4425	12596209
4426	12597187
4427	12600235
4428	12600868
4429	12602025
4430	12605440
4431	12606000
4432	12606897
4433	12606909
4434	12608966
4435	12609107
4436	12609653
4437	12610731
4438	12612204
4439	12612444
4440	12612750
4441	12613600
4442	12613636
4443	12613701
4444	12613749
4445	12613853
4446	12615478
4447	12617775
4448	12618296
4449	12621823
4450	12622991
4451	12632788
4452	12647448
4453	12664823
4454	12668048
4455	12706216
4456	12875478
4457	12881571
4458	12883827
4459	12910156
4460	12919268
4461	12947800
4462	12948384
4463	12954347
4464	80296144
4465	91061578
4466	92036363
4467	93094581
4468	94064363
4469	96109739
4470	97101380
4471	97102875
4472	97103269
4473	97105074
4474	97113738
4475	97113981
4476	97114033
4477	97114072
4478	97114413
4479	97114449
4480	97114641
4481	97115315
4482	97115911
4483	97116192
4484	97116242
4485	97116457
4486	97116507
4487	97116762
4488	97116901
4489	97117497
4490	97117562
4491	97117598
4492	97117624
4493	97117725
4494	97119073
4495	97119717
4496	97119820
4497	97119895
4498	98032701
4499	98034883
4500	98036433
4501	98037056
4502	98038449
4503	98038805
4504	98038906
4505	98039896
4506	98040278
4507	98040850
4508	98042068
4509	98042183
4510	98044148
4511	98046927
4512	98048933
4513	98051269
4514	98055027
4515	98056284
4516	98061827
4517	98062033
4518	98064924
4519	98068760
4520	98079332
4521	98083975
4522	98086453
4523	98092606
4524	98093382
4525	98094131
4526	98102419
4527	98102953
4528	98111180
4529	98118730
4530	98120052
4531	98122815
4532	98122839
4533	98123781
4534	98125053
4535	98126016
4536	98126028
4537	98126598
4538	98126675
4539	98127121
4540	98127398
4541	98127626
4542	98127867
4543	98128960
4544	98129289
4545	98131170
4546	98131624
4547	98131826
4548	98132210
4549	98132448
4550	98133477
4551	98135116
4552	98135748
4553	98136714
4554	98138112
4555	99104630
4556	99105292
4557	99106015
4558	99106611
4559	99110557
4560	99113298
4561	99118097
4562	99119416
4563	99120990
4564	99121788
4565	99124861
4566	99125344
4567	99125748
4568	99127007
4569	99127399
4570	99128338
4571	99128910
4572	99129037
4573	99129076
4574	99130799
4575	99132159
4576	99133833
4577	99134126
4578	99134759
4579	99135687
4580	99137251
4581	99137806
4582	99137945
4583	99138404
4584	99139356
4585	99139786
4586	99140170
4587	99141160
4588	99141172
4589	99141273
4590	99142667
4591	99142770
4592	99144659
4593	99145144
4594	99145284
4595	99146829
4596	99149813
4597	99158065
4598	99163329
4599	99178360
4600	99178574
4601	99178598
4602	99178725
4603	99178865
4604	99178903
4605	99179297
4606	99181366
4607	99184956
4608	99187534
4609	99190872
4610	99201776
4611	99202069
4612	99210712
4613	99212932
4614	99212995
4615	99213201
